1
3
4
8
8
8
8
11
13
13
14
16
17
19
19
20
23
26
26
26
27
30
32
32
34
35
38
40
40
40
41
44
44
44
45
46
49
51
52
54
55
56
58
59
61
62
64
66
68
68
69
72
74
78
78
78
78
81
81
81
81
84
86
88
88
89
92
95
97
97
98
101
104
106
108
109
112
112
116
118
119
122
125
127
127
128
131
133
133
133
134
137
140
142
142
143
145
146
146
147
147
150
152
154
154
155
158
161
161
163
164
167
169
173
173
174
176
178
179
180
181
184
187
189
191
192
195
198
198
198
199
201
204
204
204
205
208
211
211
211
212
215
218
220
222
223
225
228
230
230
230
233
235
237
237
238
241
243
247
247
248
251
251
255
255
256
259
262
264
266
267
270
270
273
273
273
276
279
283
283
284
287
290
292
294
295
298
301
301
303
303
305
308
310
310
311
313
315
317
319
320
320
323
325
327
328
329
331
332
333
334
337
339
343
343
344
347
347
350
350
350
353
356
358
358
359
362
362
362
364
365
368
371
373
373
374
377
380
380
380
381
384
384
386
388
389
392
395
395
397
398
401
401
404
404
404
407
410
412
412
413
416
416
419
421
422
425
428
430
430
431
432
435
437
437
438
440
441
444
444
445
448
451
453
455
456
459
461
462
463
464
467
469
471
471
471
472
474
476
476
477
478
480
484
484
485
487
489
491
493
494
496
498
502
502
503
506
508
508
509
509
512
515
517
517
518
520
523
525
525
525
527
530
530
532
533
536
539
543
543
543
545
545
545
547
548
548
551
555
555
555
555
558
560
560
560
562
564
565
566
566
569
572
574
574
575
578
581
581
581
581
583
585
587
589
589
589
590
592
592
592
595
597
601
601
602
605
608
608
610
611
614
617
619
619
620
622
624
626
628
629
631
632
634
634
635
638
640
640
642
643
646
649
649
649
650
652
654
656
656
657
659
661
663
665
666
668
669
671
673
674
677
680
680
682
683
686
689
691
693
694
696
697
701
703
704
706
709
709
711
712
715
718
722
722
722
724
726
730
732
732
734
736
738
738
739
742
745
747
749
750
753
753
753
753
754
757
759
761
763
763
763
765
767
769
770
773
776
778
780
781
784
787
789
789
790
792
794
798
798
799
802
802
803
804
804
807
809
811
811
812
815
817
818
819
820
823
825
827
827
828
831
831
833
833
834
836
838
842
842
843
846
846
849
849
850
853
855
859
859
860
863
866
870
870
871
874
876
878
880
881
884
887
887
887
888
891
894
898
898
898
898
901
903
903
903
904
907
909
909
910
913
915
919
919
920
923
926
928
928
929
932
935
935
935
936
939
942
942
942
943
946
949
951
953
954
957
960
960
960
961
963
965
967
967
968
970
973
973
975
976
979
979
983
983
984
986
989
991
991
992
995
997
999
999
1000
1002
1005
1005
1007
1008
1011
1013
1014
1016
1017
1020
1022
1023
1024
1025
1028
1030
1030
1030
1030
1032
1033
1035
1035
1036
1039
1042
1046
1046
1047
1050
1050
1050
1052
1053
1056
1058
1058
1058
1058
1060
1061
1063
1063
1064
1067
1067
1071
1071
1072
1075
1078
1078
1078
1079
1082
1085
1085
1085
1086
1087
1089
1093
1093
1094
1096
1098
1100
1100
1101
1103
1104
1107
1107
1107
1108
1110
1112
1114
1115
1118
1121
1123
1125
1126
1128
1129
1133
1135
1136
1139
1142
1146
1146
1147
1150
1152
1154
1156
1157
1159
1162
1164
1164
1165
1168
1171
1171
1173
1174
1176
1178
1179
1179
1179
1182
1184
1188
1190
1191
1193
1196
1198
1198
1199
1201
1202
1206
1206
1206
1207
1209
1213
1213
1214
1217
1220
1222
1224
1225
1228
1230
1232
1232
1233
1235
1236
1239
1239
1239
1242
1242
1245
1245
1245
1245
1248
1252
1252
1252
1252
1255
1257
1257
1257
1259
1262
1266
1266
1267
1270
1270
1272
1272
1273
1276
1278
1282
1284
1285
1288
1290
1290
1292
1293
1293
1296
1298
1300
1301
1304
1307
1311
1311
1312
1315
1318
1318
1318
1319
1321
1324
1324
1325
1326
1329
1329
1331
1333
1334
1337
1339
1341
1341
1342
1345
1348
1348
1348
1349
1351
1354
1354
1354
1354
1357
1360
1362
1364
1365
1368
1371
1371
1371
1372
1375
1378
1382
1382
1382
1384
1387
1389
1389
1390
1393
1396
1398
1400
1401
1404
1406
1406
1406
1406
1409
1409
1412
1412
1413
1416
1418
1420
1420
1421
1424
1427
1427
1427
1428
1431
1434
1438
1438
1439
1442
1445
1447
1449
1450
1453
1456
1456
1458
1459
1462
1465
1469
1469
1470
1472
1474
1476
1478
1479
1481
1484
1488
1490
1491
1494
1497
1497
1497
1498
1500
1503
1505
1507
1508
1511
1514
1516
1516
1517
1520
1520
1524
1526
1527
1530
1532
1534
1534
1535
1538
1541
1545
1545
1546
1549
1552
1554
1556
1557
1560
1562
1566
1566
1567
1570
1572
1574
1574
1575
1578
1578
1581
1581
1581
1584
1586
1588
1588
1589
1591
1593
1593
1593
1594
1597
1600
1600
1600
1601
1601
1604
1606
1606
1607
1610
1613
1613
1615
1616
1619
1619
1620
1621
1622
1622
1625
1627
1629
1630
1633
1635
1636
1636
1637
1639
1642
1644
1644
1645
1648
1650
1654
1654
1654
1654
1657
1657
1659
1659
1661
1663
1665
1665
1666
1666
1669
1670
1671
1671
1674
1676
1680
1680
1681
1684
1687
1689
1689
1690
1692
1694
1695
1696
1697
1700
1702
1702
1702
1703
1705
1708
1708
1708
1709
1711
1713
1713
1715
1716
1719
1721
1721
1721
1722
1724
1727
1729
1731
1732
1735
1738
1742
1742
1743
1746
1748
1750
1750
1751
1754
1756
1756
1756
1756
1758
1761
1761
1761
1762
1765
1767
1767
1767
1768
1771
1774
1774
1774
1775
1777
1780
1780
1781
1782
1785
1787
1789
1789
1790
1793
1793
1795
1795
1796
1799
1802
1804
1806
1807
1809
1810
1812
1814
1814
1814
1817
1818
1818
1818
1821
1821
1821
1821
1822
1825
1828
1830
1830
1831
1833
1836
1836
1838
1838
1841
1841
1843
1843
1844
1847
1850
1852
1852
1853
1856
1859
1863
1865
1865
1868
1870
1870
1870
1871
1874
1876
1880
1880
1881
1884
1884
1887
1887
1888
1891
1891
1891
1891
1892
1895
1898
1898
1900
1901
1904
1906
1910
1910
1910
1910
1913
1917
1917
1918
1921
1924
1924
1924
1925
1928
1928
1930
1930
1931
1934
1936
1938
1940
1941
1944
1947
1949
1951
1952
1955
1957
1957
1959
1960
1963
1965
1969
1971
1972
1974
1976
1976
1978
1979
1982
1985
1985
1987
1988
1990
1992
1994
1994
1994
1996
1997
2000
2002
2003
2004
2006
2008
2008
2009
2012
2012
2014
2014
2015
2018
2018
2022
2022
2023
2026
2029
2033
2033
2034
2037
2039
2041
2041
2042
2044
2045
2049
2049
2050
2053
2055
2057
2057
2058
2061
2064
2064
2064
2065
2067
2069
2071
2071
2072
2075
2078
2078
2080
2081
2084
2086
2088
2088
2088
2089
2092
2096
2098
2099
2102
2104
2106
2106
2107
2109
2110
2113
2115
2115
2115
2118
2120
2120
2121
2124
2124
2127
2129
2130
2132
2134
2136
2138
2138
2138
2141
2143
2145
2146
2149
2152
2154
2154
2155
2157
2160
2160
2162
2163
2166
2169
2173
2173
2173
2176
2179
2181
2181
2182
2183
2185
2189
2189
2190
2193
2196
2196
2196
2197
2200
2202
2204
2204
2204
2206
2209
2211
2211
2212
2215
2218
2218
2218
2218
2220
2222
2222
2222
2223
2226
2229
2233
2233
2234
2237
2240
2242
2242
2243
2246
2249
2251
2253
2254
2255
2258
2258
2258
2259
2261
2262
2262
2263
2264
2267
2270
2272
2274
2275
2277
2280
2282
2282
2283
2285
2286
2286
2286
2287
2290
2292
2292
2292
2293
2296
2299
2301
2303
2304
2305
2307
2308
2308
2308
2311
2314
2314
2316
2317
2320
2323
2327
2327
2328
2330
2331
2334
2336
2337
2340
2343
2345
2345
2346
2348
2349
2351
2351
2352
2354
2357
2359
2359
2359
2362
2362
2365
2367
2368
2370
2373
2373
2374
2375
2378
2381
2381
2381
2382
2385
2388
2388
2390
2391
2394
2397
2397
2397
2398
2401
2404
2406
2406
2407
2410
2413
2415
2415
2416
2419
2419
2421
2421
2422
2424
2427
2427
2428
2429
2432
2435
2437
2437
2438
2440
2443
2443
2443
2444
2447
2450
2452
2452
2453
2456
2458
2462
2464
2465
2468
2471
2473
2473
2474
2477
2479
2479
2479
2480
2483
2485
2487
2489
2490
2493
2495
2496
2497
2498
2501
2503
2507
2509
2510
2513
2516
2518
2518
2519
2521
2522
2524
2524
2524
2527
2530
2530
2530
2530
2532
2534
2535
2535
2535
2538
2540
2542
2542
2543
2546
2546
2548
2548
2549
2551
2552
2553
2555
2556
2559
2561
2561
2561
2562
2564
2567
2569
2571
2572
2573
2576
2576
2576
2577
2580
2583
2583
2583
2584
2586
2587
2589
2591
2592
2595
2598
2598
2600
2601
2604
2607
2609
2609
2610
2613
2615
2617
2619
2619
2622
2624
2628
2628
2629
2632
2635
2635
2635
2636
2637
2639
2641
2643
2644
2647
2647
2651
2653
2654
2656
2658
2660
2662
2663
2666
2668
2670
2672
2673
2675
2678
2678
2678
2678
2680
2681
2683
2683
2684
2687
2690
2692
2692
2693
2696
2699
2703
2703
2703
2703
2706
2706
2708
2709
2711
2714
2714
2715
2716
2719
2722
2722
2722
2723
2726
2729
2729
2729
2730
2733
2736
2738
2740
2741
2744
2746
2746
2746
2747
2749
2752
2754
2754
2754
2756
2759
2761
2761
2762
2763
2765
2767
2769
2770
2773
2775
2777
2777
2778
2780
2783
2783
2783
2783
2785
2788
2788
2788
2789
2790
2792
2793
2795
2795
2797
2799
2800
2800
2800
2803
2806
2808
2808
2809
2812
2815
2815
2815
2816
2819
2821
2822
2823
2823
2826
2829
2829
2829
2830
2833
2833
2837
2837
2838
2840
2841
2843
2843
2844
2847
2850
2852
2852
2853
2853
2856
2856
2856
2856
2859
2859
2861
2863
2864
2866
2867
2871
2871
2872
2875
2878
2882
2882
2883
2886
2888
2888
2890
2891
2894
2894
2896
2896
2897
2899
2901
2902
2904
2904
2907
2907
2909
2909
2910
2912
2913
2915
2915
2915
2917
2919
2923
2923
2924
2926
2928
2930
2930
2931
2934
2937
2937
2939
2940
2943
2945
2947
2949
2950
2952
2954
2954
2954
2955
2957
2958
2960
2962
2963
2965
2967
2967
2969
2970
2973
2973
2976
2978
2979
2982
2984
2985
2987
2988
2991
2993
2993
2995
2995
2995
2998
2998
2998
2999
3001
3003
3003
3003
3004
3006
3007
3011
3011
3011
3011
3014
3014
3014
3015
3017
3020
3020
3020
3020
3023
3023
3024
3024
3025
3028
3030
3034
3036
3037
3039
3042
3044
3046
3047
3049
3051
3053
3053
3054
3057
3059
3061
3061
3061
3063
3066
3070
3072
3073
3076
3078
3079
3081
3082
3084
3085
3088
3090
3091
3094
3097
3101
3101
3102
3105
3108
3108
3110
3111
3113
3116
3118
3118
3119
3122
3125
3129
3131
3132
3134
3135
3138
3138
3138
3140
3140
3140
3142
3143
3143
3146
3148
3150
3151
3154
3156
3158
3158
3159
3161
3164
3164
3165
3166
3166
3169
3169
3169
3170
3172
3174
3175
3177
3177
3179
3182
3184
3184
3185
3188
3191
3193
